tasks = [(1, 5, 0.2), (2, 3, 0.4), (3, 2, 0.8), (4, 8, 0.1)];



